2045201421
N/A
153709483
N/A
1451071572
N/A
868738912
N/A
1853336516
N/A
8828938
N/A
1300511979
N/A
2023810573
N/A
531732954
N/A
1309881598
N/A
1691217659
N/A
1791601183
N/A
1805582803
N/A
1837186987
N/A
1015182603
N/A
1935477795
N/A
2128444759
N/A
1467652906
N/A
1398019046
N/A
578008223
N/A
616242971
560405093
1087314532
1737086561
2023344906
1876366830
1679242800
1002851783
2120565174
319622983
1462571756
2039723729
1617929510
1657850848
2102710300
263988489
1576794055
167009762
1665418007
694919069
1805124858
1068266110
714357287
1216511265
1622022082
140958285
1511682814
356971690
1660373176
1830118079
1085009920
94474682
1437237766
786672591
1245209717
1130812566
693898400
54514622
110838462
2076699620
1224393350
834335204
1974874922
695559620
1321737142
2043237713
397424790
470593911
988313636
1203664417
764382086
1231009284
919323912
2030572801
865567796
1695460508
1993531453
2018286914
115064479
1882386621
